3 0.26875 0.46796875 0.09765625 0.7359375
3 0.58671875 0.5984375 0.05703125 0.4125
3 0.63515625 0.6609375 0.0421875 0.2765625
3 0.8453125 0.63125 0.04921875 0.3625
3 0.8890625 0.52578125 0.08046875 0.5890625
3 0.71953125 0.6953125 0.0265625 0.18515625
3 0.640625 0.70390625 0.021875 0.13984375
3 0.61328125 0.6859375 0.02578125 0.1890625
3 0.50625 0.70078125 0.0171875 0.1234375
3 0.5625 0.69609375 0.021875 0.14765625
3 0.5703125 0.70078125 0.01640625 0.1140625
3 0.43828125 0.70703125 0.015625 0.1015625
3 0.40390625 0.71171875 0.01328125 0.09140625
3 0.36171875 0.71171875 0.01328125 0.09609375
3 0.3296875 0.7109375 0.0125 0.07890625
3 0.29765625 0.7015625 0.0109375 0.0640625
3 0.48984375 0.70703125 0.01484375 0.09375