3 0.7125 0.43671875 0.06484375 0.815625
3 0.41875 0.58828125 0.05 0.4640625
3 0.65625 0.7046875 0.034375 0.24453125
3 0.87578125 0.6671875 0.0390625 0.32578125
3 0.5296875 0.7171875 0.0265625 0.2109375
3 0.31796875 0.65703125 0.034375 0.33046875
3 0.38359375 0.74296875 0.021875 0.15390625
3 0.44375 0.728125 0.028125 0.175
3 0.35 0.75234375 0.0203125 0.12734375
3 0.315625 0.75859375 0.01796875 0.11640625
3 0.21953125 0.7140625 0.0234375 0.2078125
3 0.28828125 0.76875 0.01953125 0.10859375
3 0.26796875 0.7734375 0.0171875 0.10078125