3 0.73359375 0.65625 0.0796875 0.6875
3 0.621875 0.69375 0.059375 0.6125
3 0.546875 0.66953125 0.04609375 0.48515625
3 0.50078125 0.6484375 0.0375 0.396875
3 0.4671875 0.634375 0.0296875 0.33828125
3 0.434375 0.62734375 0.0265625 0.2953125
3 0.41015625 0.6140625 0.025 0.2515625
3 0.06171875 0.6453125 0.03046875 0.34296875
3 0.0171875 0.65390625 0.0328125 0.4046875
3 0.09375 0.6328125 0.02890625 0.29140625
3 0.115625 0.6296875 0.021875 0.25703125
3 0.13984375 0.609375 0.0078125 0.2015625
3 0.3921875 0.61640625 0.021875 0.2265625
3 0.36796875 0.6 0.0265625 0.18984375
3 0.34921875 0.590625 0.01015625 0.16484375